Weather_csv,city,cloudiness,humidity,latitude,temperature,wind speed
0,raymondville,75,69,37.34,11.61,6.7
1,albany,90,76,42.65,7.78,7.2
2,taltal,8,74,-25.41,19.4,1.49
3,rikitea,80,97,-23.12,23.53,9.49
4,arman,90,100,59.7,-6,5
5,sao joao da barra,0,62,-21.64,29,8.2
6,saint-pierre,20,93,48.95,3.45,3.6
7,savonlinna,75,80,61.87,5,5.1
8,mahebourg,20,78,-20.41,23,1
9,saint-georges,92,99,46.12,9.33,0.21
10,saint-philippe,90,99,45.36,2.79,2.1
11,yerofey pavlovich,0,66,53.97,-16.85,1.11
12,cravo norte,12,76,6.3,29.03,4.04
13,illoqqortoormiut,12,76,6.3,29.03,4.04
14,taolanaro,12,76,6.3,29.03,4.04
15,cidreira,92,90,-30.17,20.08,4.84
16,barrow,0,53,-38.31,21.83,3.71
17,harper,40,52,30.3,22.48,7.2
18,east london,20,89,-33.02,22.03,12.96
19,lere,20,45,9.66,24.08,1.91
20,ushuaia,75,44,-54.81,12.78,9.8
21,mataura,92,99,-46.19,7.28,10.54
22,hokitika,92,100,-42.72,11.15,10.59
23,keti bandar,0,100,24.14,26.8,1.79
24,khandyga,44,86,62.65,-13.03,3.31
25,kaeo,44,76,-35.1,17.88,6.76
26,saskylakh,56,75,71.97,-17.93,1.51
27,arraial do cabo,0,69,-22.97,27.49,8.2
28,acapulco,75,79,16.86,30,2.6
29,biak,8,98,-0.91,25.05,1.16
30,busselton,0,100,-33.64,13.73,4.26
31,svetlogorsk,90,80,53.14,1,5
32,baijiantan,56,82,45.63,-4.08,1.29
33,doschatoye,92,98,55.38,5.43,6.76
34,sakaraha,0,73,-22.91,17.28,4.61
35,upata,76,93,8.02,24.4,2.26
36,fort thomas,40,58,39.08,11.67,2.1
37,la ronge,90,86,55.1,-1,5.7
38,punta arenas,0,44,-53.16,15,5.1
39,lolua,0,44,-53.16,15,5.1
40,yellowknife,90,92,62.45,-10,5.1
41,namatanai,64,100,-3.66,27.13,2.91
42,castro,92,97,-42.48,11.28,8.29
43,atuona,0,100,-9.8,26.83,5.71
44,asyut,0,49,27.18,21,5.1
45,mar del plata,48,48,-46.43,16.33,8.54
46,boden,24,86,65.83,1,1
47,ongandjera,32,20,-17.88,26.63,7.59
48,wyszkow,75,87,52.59,10,2.6
49,wau,75,87,52.59,10,2.6
50,oranjemund,88,95,-28.55,14.78,8.31
51,iqaluit,90,79,63.75,-7,1
52,dnestrovsc,40,93,46.62,9,1.26
53,asfi,40,93,46.62,9,1.26
54,lucapa,68,93,-8.42,20.4,1.26
55,golubitskaya,0,93,45.32,7,4
56,honiara,90,88,-9.43,24,1.5
57,hobart,75,58,-42.88,12,6.7
58,bluff,0,83,-23.58,20.78,2.41
59,port alfred,20,69,-33.59,22.15,9.01
60,broken hill,24,64,-31.97,17.78,1.79
61,kristiinankaupunki,24,64,-31.97,17.78,1.79
62,port elizabeth,20,48,39.31,14.82,10.3
63,hermanus,92,59,-34.42,15.8,1.91
64,kushiro,0,68,43.11,-3.55,1.14
65,aasiaat,56,100,68.71,-3.83,5.44
66,najran,0,43,17.54,21,1.16
67,tuktoyaktuk,40,77,69.44,-16,4.1
68,ponta do sol,48,93,-20.63,21.53,1.46
69,yantongshan,56,82,43.28,2.68,4.29
70,kaitangata,36,70,-46.28,10.43,12.69
71,llangefni,92,100,53.26,12,13.9
72,camacha,75,68,33.08,19,5.7
73,roald,75,66,62.58,9.15,4.1
74,cabo san lucas,5,57,22.89,27.57,4.1
75,saint anthony,40,64,43.97,5.21,6.2
76,fairbanks,1,81,64.84,-18.2,1.81
77,hofn,68,100,64.25,3.65,12.59
78,bredasdorp,92,68,-34.53,18,1
79,tamiahua,68,100,21.28,24.65,1.21
80,bukachacha,0,62,52.99,-18.18,1.11
81,haines junction,88,93,60.75,-15.43,1.26
82,hithadhoo,76,100,-0.6,27.93,1.74
83,grand forks,1,56,47.91,5.05,3.1
84,khatanga,76,79,71.98,-15.38,4.41
85,carnarvon,92,16,-30.97,20.98,5.76
86,kapaa,40,69,22.08,27.47,5.7
87,jamestown,20,76,-33.21,14.88,2.04
88,vaini,80,94,15.34,21.63,1.11
89,nador,0,87,35.17,15.43,0.5
90,tabas,0,21,33.6,9,1
91,belushya guba,0,21,33.6,9,1
92,kruisfontein,44,68,-34,19.98,5.29
93,thompson,90,92,55.74,-8,2.1
94,port hedland,0,69,-20.31,25,4.1
95,bandarbeyla,88,100,9.49,26.43,7.24
96,rungata,88,100,9.49,26.43,7.24
97,makhachkala,40,76,42.98,13,9
98,saldanha,0,87,41.42,3.68,1.26
99,katsuura,32,98,33.93,10.33,1.46
100,novopskov,0,88,49.54,1.68,2.64
101,clyde river,75,78,70.47,-13,4.6
102,kunda,0,95,59.5,5.48,3.71
103,hilo,90,79,19.71,20.88,5.41
104,sarangani,76,100,5.4,26.93,3.94
105,dikson,12,93,73.51,-5.05,8.34
106,upernavik,8,100,72.79,-5.98,4.89
107,kasongo-lunda,92,97,-6.48,21.88,0.84
108,golovino,92,98,55.95,7.63,5.74
109,nanortalik,0,92,60.14,0.05,13.31
110,caconda,64,33,-13.73,23.23,2.29
111,chokurdakh,32,65,70.62,-25.63,1.89
112,biltine,0,29,14.53,21.53,3.39
113,nizhneyansk,0,29,14.53,21.53,3.39
114,palmer,1,70,61.6,-4.82,2.11
115,puerto ayora,40,51,-0.74,29,5.7
116,colomi,75,26,-17.34,29,4.1
117,comodoro rivadavia,75,26,-45.87,21,8.2
118,kapoeta,75,26,-45.87,21,8.2
119,mount gambier,76,77,-37.83,13.45,2.46
120,asilah,76,77,-37.83,13.45,2.46
121,tsihombe,76,77,-37.83,13.45,2.46
122,chuy,0,83,-33.69,18.18,3.59
123,avarua,90,94,-21.21,22,9.3
124,arvika,92,87,59.65,8,5.7
125,nome,75,45,30.04,24.3,7.2
126,qaanaaq,20,100,77.48,-16.55,3.91
127,zaysan,80,80,47.47,-9.53,1.29
128,nalut,88,81,31.86,10.63,1.51
129,butaritari,0,100,3.07,28.95,3.76
130,keetmanshoop,12,21,-26.57,29,6.7
131,saint-augustin,0,93,44.83,6.45,1.04
132,tsogni,80,99,-2.79,26.18,3.86
133,cape town,0,52,-33.93,20,2.1
134,hunfeld,48,93,50.68,3,3.1
135,flinders,90,82,-34.58,16,2.6
136,zalesovo,76,86,54,-7.1,3.54
137,ribeira grande,20,72,38.52,20,6.7
138,qom,20,77,34.64,6.63,1.81
139,burns lake,92,98,54.23,6.08,3.46
140,hambantota,44,100,6.12,24.9,2.49
141,balmazujvaros,0,90,47.62,14.88,1.89
142,vanimo,80,100,-2.67,25.78,5.11
143,mentok,80,100,-2.67,25.78,5.11
144,te anau,92,98,-45.41,5.18,6.24
145,itarema,0,63,-2.92,28.28,8.06
146,kemijarvi,0,63,-2.92,28.28,8.06
147,kabanjahe,12,100,3.1,17.45,0.84
148,tuatapere,92,100,-46.13,7.7,12.81
149,santa cruz,1,41,36.97,22.91,1.5
150,provideniya,24,100,64.42,1.58,3.36
151,santarem,24,100,64.42,1.58,3.36
152,rincon,1,36,32.3,19.32,1.5
153,attawapiskat,1,36,32.3,19.32,1.5
154,anadyr,90,79,64.73,-3,7
155,pevek,80,100,69.7,-11.83,3.06
156,esteli,75,69,13.09,26,3.29
157,barentsburg,75,69,13.09,26,3.29
158,aklavik,20,84,68.22,-16.67,2.1
159,tete,100,76,-16.16,23.08,5.61
160,taungdwingyi,0,92,20,20.45,1.16
161,george town,75,88,5.42,26,1
162,hasaki,75,93,35.73,10.41,2.1
163,porto novo,40,43,-23.68,32,4.1
164,mount isa,0,26,-20.73,26,1.5
165,lavrentiya,56,100,65.58,1.98,5.54
166,kamiiso,12,100,41.82,6.78,2.34
167,lebu,12,74,8.96,7.78,1.66
168,kiruna,0,92,67.86,-4,2.6
169,kendari,24,94,-3.99,23.45,0.91
170,kismayo,24,94,-3.99,23.45,0.91
171,simplicio mendes,88,27,-7.85,34.95,2.36
172,sorong,36,100,-0.86,27.48,2.14
173,armacao dos buzios,36,100,-0.86,27.48,2.14
174,petropavlovsk-kamchatskiy,75,86,53.05,-2,3
175,axim,92,100,4.87,27.15,3.16
176,glendive,90,88,47.11,1.85,2.6
177,namibe,0,100,-15.19,21.68,5.41
178,nantucket,75,75,41.28,15.12,16.5
179,naryan-mar,76,98,67.67,-3.7,3.59
180,palabuhanratu,76,98,67.67,-3.7,3.59
181,karratha,0,35,-20.74,24.4,4.64
182,aranos,80,14,-24.14,28.8,4.31
183,guerrero negro,32,41,27.97,27.3,3.26
184,den helder,90,87,52.96,8.05,3.6
185,severo-kurilsk,64,100,50.68,5.08,3.49
186,china,0,41,25.71,30.95,7.31
187,imbituba,75,100,-28.24,21,4.1
188,lasa,0,63,34.92,18.87,2.1
189,basavana bagevadi,68,88,16.57,22.33,2.16
190,sakakah,68,88,16.57,22.33,2.16
191,key largo,75,73,25.09,28.02,6.2
192,grindavik,40,100,63.84,0,13.4
193,mirnyy,92,96,56.57,8.28,5.09
194,saint george,20,87,39.45,14,1.36
195,tumannyy,20,87,39.45,14,1.36
196,ikom,36,83,5.96,24.58,1.94
197,ilulissat,75,78,69.22,-9,7.7
198,bambous virieux,20,78,-20.34,23,1
199,longyearbyen,20,68,78.22,-4,11.8
200,kyabe,0,57,9.45,26.2,3.91
201,buala,92,97,-8.15,27.43,4.41
202,turayf,75,100,31.68,11,8.2
203,nazarovo,68,83,56.01,-6.85,5.89
204,khonuu,68,83,56.01,-6.85,5.89
205,pokhara,0,79,28.21,5.88,0.84
206,roebourne,0,35,-20.77,24.4,4.64
207,pathein,0,88,16.78,23.15,1.34
208,maceio,40,65,-9.67,28,8.2
209,evensk,32,100,61.92,-8.83,8.89
210,minna,20,79,9.62,25.08,2.19
211,codrington,0,82,-28.95,22.18,2.36
212,damghan,0,74,36.17,-2.35,1.21
213,georgetown,75,79,6.8,29,4.1
214,beya,80,73,53.05,-3.58,3.31
215,bubaque,0,52,11.28,32,2.96
216,arona,40,93,45.76,12.42,1.5
217,griffith,80,50,-34.29,17.13,1.96
218,stokmarknes,68,100,68.56,6.48,6.21
219,torbay,90,100,47.66,6,6.7
220,san patricio,100,100,-26.98,21.45,1.24
221,olawa,90,93,50.95,10,2.1
222,sitka,64,44,37.17,16.95,9.31
223,rengasdengklok,68,100,-6.16,26.13,1.46
224,rocha,32,87,-34.48,18.48,1.66
225,airai,0,84,-8.93,17.78,0.91
226,nikolskoye,90,93,59.7,8,5
227,lorengau,56,100,-2.02,28.53,3.91
228,ostrovnoy,88,100,68.05,0.13,1.51
229,sao filipe,0,92,14.9,26.18,7.14
230,kawhia,32,90,-38.07,15.4,9.64
231,geraldton,90,80,49.72,1,2.1
232,victoria,75,100,5.28,26,2.79
233,pulandian,0,100,39.4,7,1
234,bestobe,80,92,52.5,-2.1,2.81
235,amderma,80,92,52.5,-2.1,2.81
236,predivinsk,76,73,57.07,-3.33,4.04
237,sept-iles,90,93,50.2,2,5.7
238,berezovka,92,93,57.6,1.38,5.19
239,boguchany,88,74,58.38,-2.33,4.29
240,narsaq,20,68,60.91,-1.41,1.5
241,berkak,88,97,62.83,-1.7,1.46
242,san cristobal,75,40,-0.39,20,6.2
243,igra,92,98,57.55,2.65,4.19
244,bolungarvik,92,98,57.55,2.65,4.19
245,hami,0,69,42.84,-5.58,2.74
246,morant bay,20,62,17.88,31,4.6
247,neiafu,75,56,-18.65,23,4.1
248,yar-sale,20,100,66.83,-14.38,1.44
249,juazeiro,40,28,-9.43,35,4.1
250,mana,0,76,43.52,12.42,4.6
251,maragogi,88,80,-9.01,25.98,4.39
252,antsohihy,64,96,-14.88,23.13,1.26
253,dingle,44,94,11,24.7,4.61
254,ambilobe,32,81,-13.19,22.28,1.61
255,williams lake,90,93,52.13,4,5.7
256,binika,8,90,21.03,21.45,1.26
257,tiksi,68,75,71.64,-19.6,4.04
258,nouadhibou,48,82,20.93,19,6.7
259,bethel,1,84,60.79,-5.6,4.6
260,kimbe,44,100,-5.56,26.43,2.14
261,grand river south east,44,100,-5.56,26.43,2.14
262,verkhnyaya inta,88,77,65.99,-4.38,1.34
263,linda,1,23,39.13,23.75,3.1
264,brest,90,93,52.09,12,4
265,wilhelmshaven,0,86,53.53,4.48,2.1
266,paita,0,290,-5.09,17,5.1
267,burnie,88,100,-41.05,12.9,9.56
268,abu dhabi,0,32,24.47,26.48,3.1
269,luderitz,48,100,-26.65,14,3.6
270,umm kaddadah,0,28,13.6,20.68,4.61
271,sindou,0,75,10.66,24.8,2.71
272,touros,64,81,-5.2,26.9,6.89
273,majene,64,100,-3.54,26.7,3.29
274,chenzhou,0,89,25.81,10.23,1.21
275,tecoanapa,75,79,16.99,30,2.6
276,talikota,68,78,16.48,24.28,3.94
277,suntar,36,68,62.16,-12.38,3.06
278,petropavlovskoye,0,93,46.79,3,2
279,matagami,8,82,9.67,21.45,1.71
280,ramshir,40,49,30.89,21.05,2.1
281,xuddur,88,46,4.12,26.18,2.91
282,fort wellington,48,100,6.4,26.73,3.41
283,rancho palos verdes,5,34,33.75,26.66,1.5
284,marienburg,0,86,52.12,2.5,2.6
285,mahaicony,0,86,52.12,2.5,2.6
286,salalah,0,61,17.01,26,2.6
287,pitanga,48,91,-24.76,20.58,2.84
288,hongjiang,0,82,27.21,8.05,0.99
289,caravelas,0,100,-17.73,25.68,7.36
290,bontang,20,100,0.12,25.53,1.69
291,wanning,75,93,48.64,10,2.1
292,tutoia,20,52,-2.76,31,7.7
293,fayaoue,32,100,-20.65,24.4,8.29
294,takaka,8,92,-40.86,11.7,6.24
295,udachnyy,48,74,66.42,-13.93,2.01
296,san carlos de bariloche,75,60,-41.13,13,12.9
297,maamba,24,63,-17.36,22.78,2.26
298,aden,0,100,12.79,26.73,6.56
299,lyngseidet,40,75,69.58,5,9.8
300,nemuro,0,100,43.32,11.3,4.89
301,cherskiy,36,67,68.75,-22.83,1.06
302,qaqortoq,20,68,60.72,-1.35,1.5
303,smithers,90,93,54.78,5,2.1
304,ko samui,92,100,9.54,27.93,3.96
305,ketchikan,90,92,55.34,10.56,4.6
306,poum,20,86,41.28,5.65,0.81
307,jalu,0,60,29.03,16.58,3.36
308,dhidhdhoo,88,100,6.88,28.53,0.89
309,ahipara,68,87,-35.17,16.65,6.31
310,jerez,0,87,36.68,16,2.1
311,fortuna,0,67,38.18,13.99,3.1
312,pangnirtung,90,78,66.15,-8,0.56
313,amahai,76,100,-3.31,25.7,1.01
314,beringovskiy,88,100,63.05,-0.8,4.29
315,los llanos de aridane,75,56,28.66,22,6.7
316,usinsk,88,96,66,-2.55,3.26
317,zlatoustovsk,88,96,66,-2.55,3.26
318,raudeberg,92,87,61.99,10,11.3
319,kutum,0,28,14.2,18.43,4.36
320,mys shmidta,0,28,14.2,18.43,4.36
321,ewa beach,1,88,21.32,26.42,5.1
322,faanui,32,100,-16.48,27.33,2.96
323,gizo,0,52,31.8,21.75,2.1
324,seoul,0,87,37.57,4.78,1
325,champerico,20,51,16.38,30,2.1
326,yulara,8,38,-25.24,24,4.1
327,vestbygda,8,38,-25.24,24,4.1
328,okhotsk,8,100,59.36,-9.33,7.91
329,port lincoln,24,100,-34.72,13.68,0.79
330,hammerfest,76,86,70.66,5,7.7
331,kota kinabalu,75,88,5.98,26,2.6
332,kodiak,1,57,39.95,13.9,6.7
333,qui nhon,1,57,39.95,13.9,6.7
334,rundu,68,64,-17.91,23.23,3.31
335,livermore,1,14,37.68,23.88,2.6
336,mayumba,92,99,-3.44,25.18,2.39
337,erzin,75,40,36.95,21.53,7.2
338,ciudad bolivar,80,90,8.12,26.98,3.71
339,necochea,0,65,-38.55,19.78,2.41
340,new norfolk,75,62,-42.78,12,3.6
341,karaul,75,62,-42.78,12,3.6
342,ngukurr,75,62,-42.78,12,3.6
343,dien bien,75,62,-42.78,12,3.6
344,deputatskiy,56,67,69.3,-26.8,1.16
345,pordim,12,87,43.38,6.05,0.99
346,challapata,56,19,-18.9,16.55,2.14
347,praya,40,94,-8.71,25,1.5
348,vila franca do campo,75,100,37.72,18,4.1
349,abalak,0,32,15.46,20.95,2.71
350,manokwari,12,100,-0.87,27.68,0.79
351,bathsheba,20,66,13.22,30,6.2
352,angren,68,97,41.01,-4.13,0.84
353,bella union,88,96,8.5,21.08,1.11
354,harboore,88,93,56.62,7,3.6
355,ponta delgada,75,100,37.73,18,3.1
356,vangaindrano,68,98,-23.35,17.95,1.06
357,vaitupu,68,98,-23.35,17.95,1.06
358,dzaoudzi,0,78,-12.79,27,4.1
359,warrington,75,81,53.39,12,9.3
360,contamana,0,34,-7.35,36.43,2.04
361,sipoo,40,86,60.38,5,3.1
362,port hardy,90,93,50.7,10,6.7
363,cap malheureux,20,78,-19.98,23,1
364,minnetonka,75,60,44.91,7.13,5.1
365,aksu,90,100,52.04,-1,2
366,husavik,24,100,50.56,0.8,1.91
367,kununurra,12,94,-15.77,24,2.1
368,kharp,56,81,66.82,-12.03,1.29
369,foki,92,97,56.69,2.68,4.26
370,pervomayskoye,8,84,57.07,-11.53,4.49
371,srednekolymsk,80,79,67.46,-20.23,2.04
372,esperance,20,62,10.24,30,5.7
373,kathu,76,26,-27.7,23.83,5.94
374,weiden,0,86,49.81,4.29,3.1
375,cagayan de tawi-tawi,0,86,49.81,4.29,3.1
376,tasiilaq,5,45,65.61,-4,3.1
377,kamaishi,0,91,39.28,3.83,1.36
378,porec,0,93,45.23,17.05,2.1
379,koslan,92,98,63.46,1.58,1.89
380,waipawa,0,64,-39.94,13.15,11.34
381,alice springs,40,45,-23.7,28,1.79
382,dongning,8,83,44.06,1.4,2.39
383,les cayes,0,94,18.19,29.3,4.86
384,nyagan,80,92,62.14,-4.88,2.11
385,leningradskiy,80,100,69.38,-2.43,7.96
386,gold coast,0,77,-28,21,4.1
387,emden,0,86,53.37,5,2.1
388,zhigansk,68,76,66.77,-16.2,3.26
389,cabatuan,64,97,16.95,22.88,1.21
390,ostersund,48,74,63.18,3,5.1
391,college,1,81,64.86,-18.22,1.81
392,mwinilunga,64,88,-11.73,19.18,1.61
393,fitchburg,75,65,42.58,11.47,13.4
394,sentyabrskiy,75,65,42.58,11.47,13.4
395,karaton,40,94,-6.34,25,1
396,yining,8,85,29.04,7.2,0.89
397,maloy,48,78,1,25.58,0.99
398,ebano,48,78,1,25.58,0.99
399,gouyave,40,70,12.16,31,6.7
400,sabirabad,20,82,40.01,5.53,1.24
401,athabasca,68,94,54.72,4.4,2.61
402,uwayl,68,94,54.72,4.4,2.61
403,luau,92,89,-10.7,20.38,1.11
404,norman wells,40,84,65.28,-16,2.6
405,huesca,76,80,42.14,5,2.1
406,san andres,32,100,13.32,27.53,5.86
407,alexandria,1,41,31.31,24.18,6.7
408,jacksonville,20,37,30.33,19.08,2.6
409,grand gaube,20,78,-20.01,23,1
410,bossangoa,32,90,6.5,22.63,1.36
411,guilin,0,93,25.28,13,2
412,itoman,75,88,26.12,24.78,4.1
413,sambava,76,100,-14.27,24.2,2.91
414,xingtai,12,90,37.07,6.3,0.91
415,lowestoft,0,81,52.48,8.39,5.1
416,kashan,75,24,33.99,14,5.1
417,yarmouth,75,71,50.71,10.57,6.7
418,ust-kut,80,59,56.78,-4.35,3.81
419,taoudenni,0,30,22.68,18.15,4.66
420,lompoc,1,23,34.64,29.23,2.1
421,yangjiang,36,100,21.85,22.4,4.66
422,sebinkarahisar,0,82,40.29,-2.2,0.99
423,kitui,68,87,-1.37,18.45,1.66
424,roseburg,75,69,43.22,11.39,1.34
425,sabang,76,100,13.72,25.33,3.74
426,saleaula,76,100,13.72,25.33,3.74
427,eenhana,44,24,-17.48,24.65,3.04
428,mutsamudu,44,24,-17.48,24.65,3.04
429,san quintin,0,85,17.54,20.73,1.59
430,pakxan,0,90,18.39,14.78,0.91
431,fenoarivo atsinanana,88,98,-17.38,20.18,0.34
432,nayoro,76,91,44.36,10.53,3.86
433,mitsamiouli,40,88,-11.38,24,2.6
434,mandalgovi,0,79,45.76,-10.95,2.81
435,lamesa,1,27,32.74,21.7,4.6
436,baie-comeau,90,93,49.22,3,9.3
437,talnakh,68,80,69.49,-18.68,1.06
438,oktyabrskoye,64,66,56.73,-8.48,2.96
439,baiculesti,8,85,45.07,6.43,1.46
440,pisco,0,30,-13.71,22,4.6
441,kailua,40,72,21.39,26.41,3.6
442,batavia,90,68,43,6.67,7.7
443,garden city,20,45,40.73,14.19,11.3
444,boulsa,8,49,12.66,26.98,3.74
445,la asuncion,92,98,-1.64,10.43,0.49
446,tura,92,98,25.52,19.33,1.66
447,boquete,40,74,8.78,29,3.1
448,vestmannaeyjar,56,96,63.44,2.93,11.51
449,marawi,32,97,8,19.9,1.04
450,kouango,48,96,4.99,20.8,1.49
451,palma del rio,36,93,37.7,14.03,0.84
452,bougouni,20,52,11.42,26.53,2.26
453,cayenne,75,66,4.94,30,2.6
454,teya,75,66,21.05,29,5.1
455,constantine,40,81,36.36,10,2.1
456,natal,40,66,-5.81,29,7.7
457,pozo colorado,32,100,-23.49,25.65,2.11
458,capreol,90,64,46.71,1,5.7
459,samusu,90,64,46.71,1,5.7
460,gornyy,88,60,51.76,0.65,5.04
461,rafaela,0,48,-31.25,28.33,5.11
462,mackay,75,93,53.65,2,1.5
463,sinnamary,24,94,5.38,27.88,4.71
464,key west,1,56,47.93,5.04,3.1
465,skagastrond,1,56,47.93,5.04,3.1
466,turochak,88,70,52.26,-1.73,2.86
467,malpura,0,42,26.29,22.33,5.19
468,wanaka,92,82,-44.7,5.3,3.64
469,forchheim,75,76,49.72,9.7,1.5
470,visnes,90,93,59.36,10,8.7
471,hirara,0,100,24.8,25.48,5.49
472,kavaratti,76,100,10.57,26.95,4.89
473,masindi,88,93,1.69,19.48,1.21
474,meulaboh,88,100,4.14,24.23,2.94
475,jining,0,92,35.41,9.55,3.46
476,shahapur,40,70,19.45,29,4.6
477,maun,20,35,-19.99,30,3.6
478,gillette,75,66,44.29,3.9,6.2
479,tateyama,12,98,36.66,-1.13,0.69
480,umzimvubu,12,98,36.66,-1.13,0.69
481,lac du bonnet,88,88,50.25,2.13,1.36
482,acari,8,46,-6.44,28.93,4.81
483,bengkulu,8,46,-6.44,28.93,4.81
484,guaruja,40,69,-23.99,30.31,1.5
485,pitsunda,0,67,43.16,14,3
486,saryg-sep,56,82,51.49,-15.88,0.99
487,milkovo,12,100,41.53,10.09,1.5
488,baboua,12,100,41.53,10.09,1.5
489,inhambane,20,64,-23.87,20,1.5
490,zvishavane,80,82,-20.32,16.65,4.19
491,karlshamn,8,95,56.17,1.54,1.36
492,juegang,0,94,32.31,14.53,3.86
493,alofi,0,56,-19.06,23,5.7
494,galesong,0,92,-5.32,25.23,1.89
495,rehoboth,20,51,-23.31,17.38,3.54
496,yumen,20,69,40.29,-7.13,1.21
497,olafsvik,20,69,40.29,-7.13,1.21
498,puri,64,85,-7.54,21.8,2.34
499,santa eulalia del rio,64,85,-7.54,21.8,2.34
500,eureka,75,100,40.8,12.55,3.01
501,achisay,75,100,40.8,12.55,3.01
502,palu,80,97,-0.9,18.63,0.81
503,kulhudhuffushi,88,100,6.62,28.53,0.89
504,manaus,75,70,-3.13,30,3.6
505,severnoye,92,69,54.09,1.55,4.76
506,urgut,0,80,39.41,2,2.1
507,nongstoin,68,100,25.52,16.4,0.26
508,melita,76,84,49.27,2.3,2.11
509,kuche,76,84,49.27,2.3,2.11
510,chlorakas,76,84,49.27,2.3,2.11
511,lubu,80,98,23.17,16.95,1.06
512,rawah,80,98,23.17,16.95,1.06
513,yanan,80,98,23.17,16.95,1.06
514,kirakira,76,100,-10.46,26.23,9.34
515,atherton,90,81,53.52,12,6.2
516,dakar,0,78,14.69,25,4.1
517,wakkanai,0,100,45.41,13.78,9.34
518,gardenstown,40,87,57.67,12,10.8
519,dolores,8,68,-36.31,21.8,3.46
520,lamu,88,100,0.57,23.58,1.11
521,mujiayingzi,92,90,42.12,0.53,3.19
522,vila do maio,75,78,15.13,25,8.7
523,dimitrovgrad,76,52,54.22,6,5
524,port pirie,8,82,-33.18,15,2.1
525,korla,8,82,-33.18,15,2.1
526,catalina,100,97,8.86,26.03,2.24
527,tenenkou,0,38,14.46,26.78,4.66
528,strezhevoy,90,79,60.73,-6,4
529,matara,75,47,-13.74,13,1.5
530,nynashamn,24,100,58.9,2.48,1
531,nampula,20,69,-15.12,24,4.1
532,vila,90,100,45.18,12.35,3.1
533,la uribe,90,100,45.18,12.35,3.1
534,podporozhye,24,96,60.91,6.38,5.29
535,la libertad,0,33,-16.38,20,5.1
536,sur,0,100,22.57,24.9,6.56
537,mbaiki,8,94,3.87,22.68,0.94
538,sinop,0,98,42.03,17.15,3.04
539,chandbali,24,100,20.77,25.9,2.96
540,dokri,8,40,27.37,17.88,2.96
541,mehamn,92,94,71.03,2.13,2.56
542,kenai,90,44,60.55,-0.01,4.6
543,cheney,40,83,47.49,9.22,6.7
544,ancud,92,97,-41.87,11.65,9.21
545,praia,40,40,-20.25,29.93,2.6
546,verkhnyachka,24,94,48.83,5.98,1.74
547,pawai,0,79,24.27,20.23,1.69
548,encheng,0,84,22.74,10.78,1.21
549,mubende,12,94,0.56,14.83,1.21
550,hicaque,75,79,15.76,29,2.6
551,noumea,0,72,-22.28,17,2.49
552,litovko,8,46,49.24,-3.85,1.84
553,bukama,92,99,-9.2,19.2,1.29
554,whitehorse,90,85,60.72,-11,1.24
555,peringat,90,83,5.99,27,3.6
556,nanakuli,1,88,21.39,26.43,5.1
557,kracheh,1,88,21.39,26.43,5.1
558,qeshm,56,17,26.96,24.52,5.1
559,khovu-aksy,76,69,51.13,-14.45,1.71
560,lashio,0,93,22.93,13.98,0.84
561,maracas,20,62,10.76,30,5.7
562,kankan,48,43,10.38,27.63,3.54
563,borna,44,87,51.12,7.94,2.1
564,saint-joseph,0,77,43.56,17.97,1.5
565,libertador general san martin,40,31,-23.81,32,3.1
566,ozernovskiy,92,97,51.5,4.83,4.59
567,birao,68,52,10.3,28.28,1.46
568,manzhouli,0,61,49.6,-17.93,1.36
569,port keats,0,90,-14.25,27.2,3.81
570,ajdabiya,0,63,30.75,15.95,3.69
571,dunbar,40,46,45.65,6.1,1.5
572,gornorechenskiy,0,80,44.26,2.13,1.84
573,sillod,100,65,20.3,24.88,3.01
574,sisimiut,76,100,66.94,-9.43,1.11
575,inongo,76,99,-1.93,23.05,0.66
576,gat,0,36,14.69,33,2.1
577,giyani,0,83,-23.32,15.55,2.59
578,suksun,92,96,57.15,1.23,5.74
579,hirson,0,75,49.92,4.46,2.6
580,sistranda,90,87,63.73,6,10.8
581,pinega,92,96,64.7,3.3,1.84
582,bundaberg,0,97,-24.87,23.78,5.44
583,bakal,88,93,54.94,0.33,3.94
584,dandong,8,76,40.12,-0.1,1.39
585,auala,8,76,40.12,-0.1,1.39
586,hualmay,20,55,-11.1,23.48,2.51
587,kahului,20,63,20.89,25.98,8.7
588,khani,0,50,41.96,14,11.3
589,yarim,0,70,14.3,5.33,1.04
590,kolda,0,69,12.89,26.3,1.24
591,araouane,0,28,18.9,22.23,3.49
592,mashhad,0,64,36.3,1,2.1
593,kamina,76,98,-8.74,18.43,1.34
594,bargal,76,98,-8.74,18.43,1.34
595,sorrento,75,82,-31.82,14.33,5.1
596,ponta grossa,88,100,-25.09,18.9,6.46
597,cururupu,8,68,-1.82,28.83,4.94
598,talawdi,8,68,-1.82,28.83,4.94
599,novoomskiy,0,85,54.84,-7,2
600,aktau,0,47,43.65,2,4
601,kalmunai,32,100,7.42,21.65,1.51
602,igrim,88,94,63.19,-5.6,1.81
603,portland,90,74,45.52,12.63,3.1
604,matamoros,90,56,25.87,27.29,8.7
605,requena,0,76,39.49,12,2.1
606,cao bang,0,85,22.67,8.7,1.11
607,klaksvik,56,93,62.23,9,7.7
608,nisia floresta,40,66,-6.09,29,7.7
609,kresttsy,92,96,58.25,7.05,6.11
610,chunskiy,80,58,56.08,-1.7,3.26
611,duz,80,58,56.08,-1.7,3.26
612,sumbawa,80,58,56.08,-1.7,3.26
613,kavieng,48,100,-2.57,28.23,2.56
614,salamina,92,90,5.41,17.65,0.84
615,wagga wagga,56,70,-35.12,8,0.44
616,fort nelson,75,92,58.81,-10,1
617,mocajuba,64,73,-2.58,29.33,1.16
618,faya,40,82,18.39,14.51,4.6
619,bonanza,80,100,14.03,24.15,1.29
620,bimbo,20,88,4.33,26,1.29
621,aksarka,64,72,66.56,-9.6,1.71
622,puerto parra,44,80,6.65,26.65,1.01
623,samarai,88,100,-10.62,25.3,5.26
624,assiniboia,76,85,49.63,2.7,3.41
625,marcona,76,85,49.63,2.7,3.41
626,raga,76,85,49.63,2.7,3.41
627,spalene porici,90,93,49.61,9,2.1
628,thinadhoo,92,100,0.53,28.05,2.06
629,astoria,90,83,46.19,14.4,4.6
630,gazanjyk,0,90,39.24,-3.13,2.16
631,vardo,75,44,39.62,12.58,10.8
632,broome,0,81,52.47,8.82,5.1
633,victor harbor,0,76,-35.55,13,1.5
634,colares,75,82,38.8,14.57,3.6
635,trairi,24,99,-3.28,27.15,8.99
636,inderborskiy,24,99,-3.28,27.15,8.99
637,tangshan,76,86,39.63,7.23,3.54
638,murovani kurylivtsi,32,82,48.71,9.8,3.49
639,paranaiba,32,72,-19.68,28.18,3.64
640,neuquen,0,43,-38.95,22,3.1
641,nargana,32,100,9.44,27.33,2.06
642,eskasem,32,100,9.44,27.33,2.06
643,jega,12,53,12.22,24.23,2.69
644,ashland,75,41,38.48,12.8,2.6
645,vestmanna,80,93,62.16,9,7.7
646,villa florida,92,100,-26.41,22.4,4.29
647,karonga,100,93,-9.94,25.3,4.54
648,pasighat,92,97,28.06,14.45,0.69
649,zambezi,68,57,-13.55,25.18,4.36
650,sahrak,68,57,-13.55,25.18,4.36
651,serov,24,96,59.61,-0.43,3.09
652,albanel,90,93,48.88,3,4.1
